fixation_index	text_domain	trial	acc_bq_1	acc_bq_2	acc_bq_3	acc_tq_1	acc_tq_2	acc_tq_3	fixation_duration	next_saccade_duration	previous_saccade_duration	version	aoi	reader_id	item_id	fixation_position_x	fixation_position_y
1	bio	9	0	0	0	1	0	1	169	21	.	65	2	65	b1	103.6	46.0
2	bio	9	0	0	0	1	0	1	170	23	21	65	4	65	b1	145.0	44.9
3	bio	9	0	0	0	1	0	1	182	20	23	65	7	65	b1	200.2	44.9
4	bio	9	0	0	0	1	0	1	131	28	20	65	10	65	b1	243.1	53.5
5	bio	9	0	0	0	1	0	1	179	18	28	65	16	65	b1	342.7	54.2
6	bio	9	0	0	0	1	0	1	205	22	18	65	19	65	b1	380.6	53.4
7	bio	9	0	0	0	1	0	1	171	26	22	65	23	65	b1	431.0	55.3
8	bio	9	0	0	0	1	0	1	157	20	26	65	29	65	b1	515.7	60.0
9	bio	9	0	0	0	1	0	1	167	27	20	65	32	65	b1	562.2	60.8
10	bio	9	0	0	0	1	0	1	215	22	27	65	39	65	b1	672.9	64.5
11	bio	9	0	0	0	1	0	1	60	154	22	65	45	65	b1	754.5	70.0
12	bio	9	0	0	0	1	0	1	164	21	154	65	48	65	b1	815.4	50.3
13	bio	9	0	0	0	1	0	1	155	22	21	65	51	65	b1	864.5	50.1
14	bio	9	0	0	0	1	0	1	312	16	22	65	48	65	b1	811.1	54.2
15	bio	9	0	0	0	1	0	1	224	27	16	65	50	65	b1	842.0	54.1
16	bio	9	0	0	0	1	0	1	164	17	27	65	53	65	b1	910.9	50.7
17	bio	9	0	0	0	1	0	1	195	35	17	65	56	65	b1	950.2	48.6
18	bio	9	0	0	0	1	0	1	188	26	35	65	66	65	b1	1109.1	43.4
19	bio	9	0	0	0	1	0	1	145	24	26	65	71	65	b1	1205.1	45.2
20	bio	9	0	0	0	1	0	1	187	23	24	65	75	65	b1	1263.1	52.4
21	bio	9	0	0	0	1	0	1	223	29	23	65	80	65	b1	1339.0	49.9
22	bio	9	0	0	0	1	0	1	225	24	29	65	87	65	b1	1460.1	39.1
23	bio	9	0	0	0	1	0	1	145	21	24	65	93	65	b1	1544.2	45.7
24	bio	9	0	0	0	1	0	1	474	122	21	65	94	65	b1	1569.9	44.7
25	bio	9	0	0	0	1	0	1	93	27	122	65	104	65	b1	195.2	114.3
26	bio	9	0	0	0	1	0	1	203	30	27	65	97	65	b1	107.4	128.9
27	bio	9	0	0	0	1	0	1	154	36	30	65	103	65	b1	187.0	132.7
28	bio	9	0	0	0	1	0	1	181	16	36	65	108	65	b1	272.3	127.7
29	bio	9	0	0	0	1	0	1	212	30	16	65	109	65	b1	303.2	131.3
30	bio	9	0	0	0	1	0	1	183	27	30	65	117	65	b1	414.0	144.0
31	bio	9	0	0	0	1	0	1	427	32	27	65	113	65	b1	347.8	140.0
32	bio	9	0	0	0	1	0	1	217	21	32	65	122	65	b1	497.1	139.5
33	bio	9	0	0	0	1	0	1	38	139	21	65	126	65	b1	551.7	143.4
34	bio	9	0	0	0	1	0	1	140	27	139	65	127	65	b1	560.6	134.3
35	bio	9	0	0	0	1	0	1	346	24	27	65	122	65	b1	486.2	138.3
36	bio	9	0	0	0	1	0	1	162	25	24	65	126	65	b1	550.2	129.3
37	bio	9	0	0	0	1	0	1	693	27	25	65	131	65	b1	614.1	136.3
38	bio	9	0	0	0	1	0	1	205	29	27	65	137	65	b1	713.9	152.2
39	bio	9	0	0	0	1	0	1	470	35	29	65	145	65	b1	836.5	147.9
40	bio	9	0	0	0	1	0	1	161	31	35	65	153	65	b1	971.3	143.0
41	bio	9	0	0	0	1	0	1	145	25	31	65	145	65	b1	835.0	149.0
42	bio	9	0	0	0	1	0	1	167	35	25	65	142	65	b1	782.8	149.6
43	bio	9	0	0	0	1	0	1	200	26	35	65	151	65	b1	935.3	144.3
44	bio	9	0	0	0	1	0	1	239	28	26	65	156	65	b1	1005.9	138.3
45	bio	9	0	0	0	1	0	1	223	24	28	65	149	65	b1	908.6	138.8
46	bio	9	0	0	0	1	0	1	152	23	24	65	145	65	b1	843.4	145.9
47	bio	9	0	0	0	1	0	1	185	31	23	65	148	65	b1	899.4	141.8
48	bio	9	0	0	0	1	0	1	197	22	31	65	154	65	b1	981.1	140.0
49	bio	9	0	0	0	1	0	1	233	26	22	65	159	65	b1	1051.6	138.7
50	bio	9	0	0	0	1	0	1	232	204	26	65	165	65	b1	1148.0	137.8
51	bio	9	0	0	0	1	0	1	128	21	204	65	171	65	b1	1256.7	117.6
52	bio	9	0	0	0	1	0	1	209	28	21	65	173	65	b1	1290.7	136.1
53	bio	9	0	0	0	1	0	1	169	24	28	65	180	65	b1	1388.6	126.8
54	bio	9	0	0	0	1	0	1	420	25	24	65	175	65	b1	1319.0	142.3
55	bio	9	0	0	0	1	0	1	168	22	25	65	181	65	b1	1415.2	141.7
56	bio	9	0	0	0	1	0	1	168	21	22	65	183	65	b1	1450.9	145.5
57	bio	9	0	0	0	1	0	1	233	36	21	65	187	65	b1	1494.4	151.4
58	bio	9	0	0	0	1	0	1	128	39	36	65	172	65	b1	1275.8	142.6
59	bio	9	0	0	0	1	0	1	146	22	39	65	190	65	b1	1544.5	130.7
60	bio	9	0	0	0	1	0	1	123	126	22	65	193	65	b1	1593.7	134.1
61	bio	9	0	0	0	1	0	1	105	27	126	65	201	65	b1	179.9	188.7
62	bio	9	0	0	0	1	0	1	203	29	27	65	197	65	b1	106.0	207.9
63	bio	9	0	0	0	1	0	1	183	37	29	65	203	65	b1	208.4	223.5
64	bio	9	0	0	0	1	0	1	301	29	37	65	208	65	b1	291.9	213.7
65	bio	9	0	0	0	1	0	1	404	52	29	65	203	65	b1	217.9	221.6
66	bio	9	0	0	0	1	0	1	193	195	52	65	218	65	b1	444.4	237.7
67	bio	9	0	0	0	1	0	1	469	31	195	65	218	65	b1	443.2	208.8
68	bio	9	0	0	0	1	0	1	216	24	31	65	227	65	b1	597.1	214.9
69	bio	9	0	0	0	1	0	1	494	21	24	65	230	65	b1	669.3	218.2
70	bio	9	0	0	0	1	0	1	256	28	21	65	232	65	b1	699.8	227.4
71	bio	9	0	0	0	1	0	1	214	28	28	65	237	65	b1	772.8	232.7
72	bio	9	0	0	0	1	0	1	308	28	28	65	244	65	b1	897.1	239.9
73	bio	9	0	0	0	1	0	1	181	24	28	65	252	65	b1	1011.0	240.6
74	bio	9	0	0	0	1	0	1	179	23	24	65	257	65	b1	1098.8	232.9
75	bio	9	0	0	0	1	0	1	291	27	23	65	260	65	b1	1145.9	232.8
76	bio	9	0	0	0	1	0	1	106	29	27	65	255	65	b1	1056.0	229.4
77	bio	9	0	0	0	1	0	1	227	27	29	65	264	65	b1	1204.5	232.9
78	bio	9	0	0	0	1	0	1	109	203	27	65	270	65	b1	1308.4	232.9
79	bio	9	0	0	0	1	0	1	345	24	203	65	275	65	b1	1386.8	217.6
80	bio	9	0	0	0	1	0	1	218	33	24	65	270	65	b1	1311.5	225.1
81	bio	9	0	0	0	1	0	1	241	25	33	65	278	65	b1	1436.6	212.0
82	bio	9	0	0	0	1	0	1	512	26	25	65	283	65	b1	1498.4	222.8
83	bio	9	0	0	0	1	0	1	247	126	26	65	289	65	b1	1594.4	224.0
84	bio	9	0	0	0	1	0	1	86	27	126	65	299	65	b1	206.8	288.7
85	bio	9	0	0	0	1	0	1	214	26	27	65	292	65	b1	111.0	283.3
86	bio	9	0	0	0	1	0	1	398	45	26	65	296	65	b1	168.1	295.6
87	bio	9	0	0	0	1	0	1	426	24	45	65	306	65	b1	320.9	289.7
88	bio	9	0	0	0	1	0	1	174	27	24	65	309	65	b1	379.8	294.6
89	bio	9	0	0	0	1	0	1	173	22	27	65	313	65	b1	457.6	291.2
90	bio	9	0	0	0	1	0	1	233	25	22	65	316	65	b1	506.5	295.6
91	bio	9	0	0	0	1	0	1	204	183	25	65	321	65	b1	594.5	297.0
92	bio	9	0	0	0	1	0	1	100	26	183	65	325	65	b1	645.2	304.2
93	bio	9	0	0	0	1	0	1	165	25	26	65	329	65	b1	720.1	310.4
94	bio	9	0	0	0	1	0	1	447	24	25	65	334	65	b1	798.9	310.5
95	bio	9	0	0	0	1	0	1	150	25	24	65	337	65	b1	864.2	316.8
96	bio	9	0	0	0	1	0	1	243	25	25	65	342	65	b1	938.2	312.7
97	bio	9	0	0	0	1	0	1	194	25	25	65	346	65	b1	997.9	313.2
98	bio	9	0	0	0	1	0	1	353	18	25	65	351	65	b1	1068.5	312.3
99	bio	9	0	0	0	1	0	1	239	20	18	65	348	65	b1	1031.0	315.0
100	bio	9	0	0	0	1	0	1	472	18	20	65	346	65	b1	995.0	321.4
101	bio	9	0	0	0	1	0	1	186	20	18	65	348	65	b1	1026.6	314.7
102	bio	9	0	0	0	1	0	1	235	29	20	65	351	65	b1	1060.0	315.2
103	bio	9	0	0	0	1	0	1	240	22	29	65	357	65	b1	1171.8	329.6
104	bio	9	0	0	0	1	0	1	143	204	22	65	361	65	b1	1222.6	333.6
105	bio	9	0	0	0	1	0	1	112	24	204	65	365	65	b1	1281.3	314.1
106	bio	9	0	0	0	1	0	1	188	27	24	65	369	65	b1	1352.1	315.1
107	bio	9	0	0	0	1	0	1	461	24	27	65	375	65	b1	1452.2	314.2
108	bio	9	0	0	0	1	0	1	294	15	24	65	379	65	b1	1514.7	310.8
109	bio	9	0	0	0	1	0	1	300	24	15	65	378	65	b1	1494.5	311.3
110	bio	9	0	0	0	1	0	1	313	19	24	65	382	65	b1	1560.0	310.0
111	bio	9	0	0	0	1	0	1	182	124	19	65	384	65	b1	1588.4	307.7
112	bio	9	0	0	0	1	0	1	99	31	124	65	401	65	b1	293.6	347.0
113	bio	9	0	0	0	1	0	1	169	21	31	65	391	65	b1	136.0	371.8
114	bio	9	0	0	0	1	0	1	432	27	21	65	390	65	b1	120.8	376.5
115	bio	9	0	0	0	1	0	1	274	27	27	65	395	65	b1	217.7	376.6
116	bio	9	0	0	0	1	0	1	295	26	27	65	402	65	b1	304.4	388.9
117	bio	9	0	0	0	1	0	1	226	27	26	65	406	65	b1	363.8	391.4
118	bio	9	0	0	0	1	0	1	138	168	27	65	411	65	b1	441.0	390.3
119	bio	9	0	0	0	1	0	1	256	25	168	65	413	65	b1	459.6	375.6
120	bio	9	0	0	0	1	0	1	201	40	25	65	417	65	b1	529.1	379.5
121	bio	9	0	0	0	1	0	1	224	24	40	65	422	65	b1	629.9	380.7
122	bio	9	0	0	0	1	0	1	180	27	24	65	424	65	b1	663.9	384.9
123	bio	9	0	0	0	1	0	1	197	22	27	65	431	65	b1	771.5	389.5
124	bio	9	0	0	0	1	0	1	229	26	22	65	428	65	b1	726.6	389.2
125	bio	9	0	0	0	1	0	1	184	28	26	65	435	65	b1	836.6	397.2
126	bio	9	0	0	0	1	0	1	238	21	28	65	441	65	b1	919.0	394.2
127	bio	9	0	0	0	1	0	1	183	28	21	65	444	65	b1	970.8	394.9
128	bio	9	0	0	0	1	0	1	182	17	28	65	451	65	b1	1088.7	397.4
129	bio	9	0	0	0	1	0	1	183	24	17	65	453	65	b1	1126.2	399.2
130	bio	9	0	0	0	1	0	1	150	29	24	65	450	65	b1	1067.5	400.5
131	bio	9	0	0	0	1	0	1	214	24	29	65	458	65	b1	1201.0	409.9
132	bio	9	0	0	0	1	0	1	158	212	24	65	461	65	b1	1256.7	410.4
133	bio	9	0	0	0	1	0	1	242	20	212	65	468	65	b1	1354.6	395.5
134	bio	9	0	0	0	1	0	1	231	16	20	65	471	65	b1	1399.6	393.3
135	bio	9	0	0	0	1	0	1	250	21	16	65	468	65	b1	1367.3	387.6
136	bio	9	0	0	0	1	0	1	183	24	21	65	473	65	b1	1435.0	396.1
137	bio	9	0	0	0	1	0	1	236	21	24	65	476	65	b1	1472.6	401.6
138	bio	9	0	0	0	1	0	1	326	18	21	65	480	65	b1	1538.8	409.3
139	bio	9	0	0	0	1	0	1	216	20	18	65	482	65	b1	1573.2	410.4
140	bio	9	0	0	0	1	0	1	149	123	20	65	485	65	b1	1624.7	411.9
141	bio	9	0	0	0	1	0	1	100	45	123	65	400	65	b1	279.0	424.7
142	bio	9	0	0	0	1	0	1	338	42	45	65	489	65	b1	129.1	438.2
143	bio	9	0	0	0	1	0	1	237	184	42	65	496	65	b1	244.7	476.2
144	bio	9	0	0	0	1	0	1	202	37	184	65	503	65	b1	357.0	463.2
145	bio	9	0	0	0	1	0	1	203	30	37	65	508	65	b1	435.7	471.6
146	bio	9	0	0	0	1	0	1	214	25	30	65	517	65	b1	570.8	477.5
147	bio	9	0	0	0	1	0	1	230	34	25	65	512	65	b1	494.2	483.7
148	bio	9	0	0	0	1	0	1	175	40	34	65	503	65	b1	347.1	477.5
149	bio	9	0	0	0	1	0	1	173	27	40	65	519	65	b1	602.5	484.3
150	bio	9	0	0	0	1	0	1	180	25	27	65	525	65	b1	695.5	472.6
151	bio	9	0	0	0	1	0	1	201	25	25	65	529	65	b1	771.3	481.7
152	bio	9	0	0	0	1	0	1	248	28	25	65	533	65	b1	837.3	479.8
153	bio	9	0	0	0	1	0	1	114	11	28	65	534	65	b1	870.1	476.6
154	bio	9	0	0	0	1	0	1	222	14	11	65	534	65	b1	855.6	474.3
155	bio	9	0	0	0	1	0	1	312	24	14	65	535	65	b1	874.3	472.3
156	bio	9	0	0	0	1	0	1	193	31	24	65	539	65	b1	938.9	468.0
157	bio	9	0	0	0	1	0	1	199	27	31	65	542	65	b1	999.3	475.6
158	bio	9	0	0	0	1	0	1	133	197	27	65	548	65	b1	1090.7	479.3
159	bio	9	0	0	0	1	0	1	99	20	197	65	552	65	b1	1156.4	469.4
160	bio	9	0	0	0	1	0	1	177	30	20	65	549	65	b1	1111.3	472.7
161	bio	9	0	0	0	1	0	1	269	25	30	65	556	65	b1	1226.5	485.8
162	bio	9	0	0	0	1	0	1	344	19	25	65	562	65	b1	1323.0	486.6
163	bio	9	0	0	0	1	0	1	188	24	19	65	565	65	b1	1361.8	487.3
164	bio	9	0	0	0	1	0	1	143	32	24	65	570	65	b1	1444.0	492.9
165	bio	9	0	0	0	1	0	1	385	102	32	65	573	65	b1	1506.8	497.5
166	bio	9	0	0	0	1	0	1	114	62	102	65	592	65	b1	316.7	559.5
167	bio	9	0	0	0	1	0	1	363	26	62	65	579	65	b1	116.9	546.3
168	bio	9	0	0	0	1	0	1	275	26	26	65	587	65	b1	227.7	568.3
169	bio	9	0	0	0	1	0	1	340	21	26	65	592	65	b1	316.4	571.6
170	bio	9	0	0	0	1	0	1	174	190	21	65	594	65	b1	356.2	568.9
171	bio	9	0	0	0	1	0	1	332	42	190	65	596	65	b1	375.1	548.9
172	bio	9	0	0	0	1	0	1	439	22	42	65	601	65	b1	461.4	567.1
173	bio	9	0	0	0	1	0	1	342	24	22	65	603	65	b1	506.9	569.8
174	bio	9	0	0	0	1	0	1	272	26	24	65	609	65	b1	589.6	561.5
175	bio	9	0	0	0	1	0	1	206	22	26	65	615	65	b1	684.6	560.5
176	bio	9	0	0	0	1	0	1	178	26	22	65	618	65	b1	750.8	560.6
177	bio	9	0	0	0	1	0	1	218	14	26	65	624	65	b1	856.0	561.8
178	bio	9	0	0	0	1	0	1	193	24	14	65	623	65	b1	830.0	568.0
179	bio	9	0	0	0	1	0	1	225	26	24	65	617	65	b1	728.2	567.7
180	bio	9	0	0	0	1	0	1	279	27	26	65	623	65	b1	829.8	571.1
181	bio	9	0	0	0	1	0	1	231	27	27	65	629	65	b1	924.1	569.7
182	bio	9	0	0	0	1	0	1	208	242	27	65	634	65	b1	998.4	566.5
183	bio	9	0	0	0	1	0	1	92	24	242	65	638	65	b1	1049.4	551.4
184	bio	9	0	0	0	1	0	1	223	26	24	65	643	65	b1	1138.4	560.0
185	bio	9	0	0	0	1	0	1	285	30	26	65	648	65	b1	1219.5	551.9
186	bio	9	0	0	0	1	0	1	241	25	30	65	652	65	b1	1297.4	548.1
187	bio	9	0	0	0	1	0	1	167	23	25	65	656	65	b1	1344.5	556.2
188	bio	9	0	0	0	1	0	1	269	25	23	65	659	65	b1	1399.5	555.0
189	bio	9	0	0	0	1	0	1	250	24	25	65	662	65	b1	1452.7	551.3
190	bio	9	0	0	0	1	0	1	343	24	24	65	665	65	b1	1511.6	547.2
191	bio	9	0	0	0	1	0	1	234	131	24	65	668	65	b1	1549.1	546.2
192	bio	9	0	0	0	1	0	1	73	45	131	65	680	65	b1	219.2	652.8
193	bio	9	0	0	0	1	0	1	146	28	45	65	672	65	b1	106.7	667.1
194	bio	9	0	0	0	1	0	1	246	35	28	65	674	65	b1	141.3	663.0
195	bio	9	0	0	0	1	0	1	163	35	35	65	680	65	b1	228.7	659.5
196	bio	9	0	0	0	1	0	1	460	29	35	65	685	65	b1	309.4	643.1
197	bio	9	0	0	0	1	0	1	280	23	29	65	690	65	b1	398.9	638.3
198	bio	9	0	0	0	1	0	1	824	28	23	65	694	65	b1	455.8	648.8
199	bio	9	0	0	0	1	0	1	202	26	28	65	702	65	b1	570.6	642.6
200	bio	9	0	0	0	1	0	1	168	216	26	65	706	65	b1	631.2	643.1
201	bio	9	0	0	0	1	0	1	266	27	216	65	712	65	b1	731.6	635.0
202	bio	9	0	0	0	1	0	1	247	24	27	65	719	65	b1	842.0	638.9
203	bio	9	0	0	0	1	0	1	161	27	24	65	714	65	b1	754.3	642.2
204	bio	9	0	0	0	1	0	1	270	32	27	65	720	65	b1	861.2	642.2
205	bio	9	0	0	0	1	0	1	201	19	32	65	713	65	b1	746.4	643.9
206	bio	9	0	0	0	1	0	1	152	50	19	65	711	65	b1	715.2	638.7
207	bio	9	0	0	0	1	0	1	148	33	50	65	722	65	b1	894.9	637.9
208	bio	9	0	0	0	1	0	1	156	26	33	65	725	65	b1	936.8	641.5
209	bio	9	0	0	0	1	0	1	197	24	26	65	730	65	b1	1022.9	644.9
210	bio	9	0	0	0	1	0	1	328	22	24	65	734	65	b1	1096.6	637.6
211	bio	9	0	0	0	1	0	1	227	23	22	65	737	65	b1	1144.6	635.2
212	bio	9	0	0	0	1	0	1	173	28	23	65	741	65	b1	1217.8	628.9
213	bio	9	0	0	0	1	0	1	370	26	28	65	747	65	b1	1315.5	626.7
214	bio	9	0	0	0	1	0	1	278	24	26	65	750	65	b1	1387.0	617.1
215	bio	9	0	0	0	1	0	1	192	356	24	65	755	65	b1	1460.9	613.0
216	bio	9	0	0	0	1	0	1	97	35	356	65	773	65	b1	257.8	704.2
217	bio	9	0	0	0	1	0	1	158	56	35	65	765	65	b1	133.5	727.9
218	bio	9	0	0	0	1	0	1	119	16	56	65	765	65	b1	122.3	740.6
219	bio	9	0	0	0	1	0	1	67	14	16	65	765	65	b1	125.8	738.9
220	bio	9	0	0	0	1	0	1	169	40	14	65	765	65	b1	123.2	743.0
221	bio	9	0	0	0	1	0	1	254	25	40	65	771	65	b1	232.1	745.4
222	bio	9	0	0	0	1	0	1	157	24	25	65	775	65	b1	281.4	727.2
223	bio	9	0	0	0	1	0	1	287	19	24	65	778	65	b1	333.3	718.7
224	bio	9	0	0	0	1	0	1	277	18	19	65	780	65	b1	373.2	714.1
225	bio	9	0	0	0	1	0	1	220	23	18	65	783	65	b1	405.6	713.6
226	bio	9	0	0	0	1	0	1	274	26	23	65	788	65	b1	472.7	708.9
227	bio	9	0	0	0	1	0	1	172	22	26	65	795	65	b1	578.9	705.8
228	bio	9	0	0	0	1	0	1	215	23	22	65	798	65	b1	630.9	711.2
229	bio	9	0	0	0	1	0	1	227	212	23	65	801	65	b1	683.6	716.0
230	bio	9	0	0	0	1	0	1	96	24	212	65	810	65	b1	818.1	716.5
231	bio	9	0	0	0	1	0	1	342	22	24	65	815	65	b1	895.8	726.8
232	bio	9	0	0	0	1	0	1	551	13	22	65	819	65	b1	947.3	727.1
233	bio	9	0	0	0	1	0	1	157	28	13	65	817	65	b1	925.0	727.0
234	bio	9	0	0	0	1	0	1	229	28	28	65	823	65	b1	1024.3	719.4
235	bio	9	0	0	0	1	0	1	205	21	28	65	831	65	b1	1159.9	709.8
236	bio	9	0	0	0	1	0	1	211	21	21	65	828	65	b1	1110.0	708.8
237	bio	9	0	0	0	1	0	1	176	23	21	65	831	65	b1	1157.5	705.6
238	bio	9	0	0	0	1	0	1	157	20	23	65	834	65	b1	1208.5	702.8
239	bio	9	0	0	0	1	0	1	226	25	20	65	836	65	b1	1239.9	700.8
240	bio	9	0	0	0	1	0	1	247	25	25	65	843	65	b1	1345.8	693.3
241	bio	9	0	0	0	1	0	1	269	24	25	65	848	65	b1	1425.2	701.5
242	bio	9	0	0	0	1	0	1	151	198	24	65	852	65	b1	1488.8	712.1
243	bio	9	0	0	0	1	0	1	128	22	198	65	853	65	b1	1502.8	732.5
244	bio	9	0	0	0	1	0	1	129	118	22	65	857	65	b1	1565.7	719.2
245	bio	9	0	0	0	1	0	1	115	28	118	65	875	65	b1	274.8	782.0
246	bio	9	0	0	0	1	0	1	266	12	28	65	865	65	b1	128.4	799.8
247	bio	9	0	0	0	1	0	1	210	34	12	65	864	65	b1	117.7	802.6
248	bio	9	0	0	0	1	0	1	396	22	34	65	869	65	b1	184.9	801.8
249	bio	9	0	0	0	1	0	1	497	22	22	65	867	65	b1	159.7	815.4
250	bio	9	0	0	0	1	0	1	346	26	22	65	874	65	b1	260.1	803.5
251	bio	9	0	0	0	1	0	1	215	18	26	65	879	65	b1	350.9	819.1
252	bio	9	0	0	0	1	0	1	282	34	18	65	880	65	b1	361.8	817.4
253	bio	9	0	0	0	1	0	1	248	26	34	65	883	65	b1	417.3	825.7
254	bio	9	0	0	0	1	0	1	353	26	26	65	888	65	b1	505.5	831.4
255	bio	9	0	0	0	1	0	1	272	27	26	65	893	65	b1	595.2	832.6
256	bio	9	0	0	0	1	0	1	159	215	27	65	897	65	b1	657.3	820.2
257	bio	9	0	0	0	1	0	1	22	201	215	65	904	65	b1	769.4	806.8
258	bio	9	0	0	0	1	0	1	172	25	201	65	903	65	b1	753.7	811.2
259	bio	9	0	0	0	1	0	1	146	28	25	65	908	65	b1	825.0	817.6
260	bio	9	0	0	0	1	0	1	198	23	28	65	914	65	b1	932.2	809.3
261	bio	9	0	0	0	1	0	1	209	28	23	65	919	65	b1	996.8	805.5
262	bio	9	0	0	0	1	0	1	731	21	28	65	927	65	b1	1129.0	796.3
263	bio	9	0	0	0	1	0	1	273	28	21	65	930	65	b1	1175.3	781.7
264	bio	9	0	0	0	1	0	1	243	31	28	65	936	65	b1	1275.5	778.3
265	bio	9	0	0	0	1	0	1	242	26	31	65	943	65	b1	1385.3	784.4
266	bio	9	0	0	0	1	0	1	252	24	26	65	947	65	b1	1456.4	791.3
267	bio	9	0	0	0	1	0	1	337	91	24	65	953	65	b1	1547.5	790.5
268	bio	9	0	0	0	1	0	1	146	25	91	65	908	65	b1	824.3	813.5
269	bio	9	0	0	0	1	0	1	191	26	25	65	900	65	b1	704.9	819.5
270	bio	9	0	0	0	1	0	1	183	31	26	65	904	65	b1	765.0	818.5
271	bio	9	0	0	0	1	0	1	187	27	31	65	914	65	b1	924.1	805.4
272	bio	9	0	0	0	1	0	1	76	59	27	65	923	65	b1	1064.1	791.8
273	bio	9	0	0	0	1	0	1	161	26	59	65	949	65	b1	1482.4	816.7
274	bio	9	0	0	0	1	0	1	152	203	26	65	954	65	b1	1562.0	814.3
275	bio	9	0	0	0	1	0	1	98	34	203	65	962	65	b1	126.5	910.2
276	bio	9	0	0	0	1	0	1	156	39	34	65	.	65	b1	79.8	920.9
277	bio	9	0	0	0	1	0	1	327	26	39	65	966	65	b1	203.3	911.9
278	bio	9	0	0	0	1	0	1	213	38	26	65	972	65	b1	303.4	907.9
279	bio	9	0	0	0	1	0	1	245	22	38	65	979	65	b1	426.2	901.5
280	bio	9	0	0	0	1	0	1	483	52	22	65	977	65	b1	392.7	901.2
281	bio	9	0	0	0	1	0	1	772	31	52	65	994	65	b1	671.9	874.4
282	bio	9	0	0	0	1	0	1	242	28	31	65	1004	65	b1	838.1	878.7
283	bio	9	0	0	0	1	0	1	203	28	28	65	1010	65	b1	944.3	881.5
284	bio	9	0	0	0	1	0	1	168	26	28	65	1016	65	b1	1025.8	873.3
285	bio	9	0	0	0	1	0	1	203	17	26	65	1022	65	b1	1130.7	852.5
286	bio	9	0	0	0	1	0	1	204	25	17	65	1026	65	b1	1186.8	866.7
287	bio	9	0	0	0	1	0	1	182	30	25	65	1031	65	b1	1274.0	883.7
288	bio	9	0	0	0	1	0	1	337	32	30	65	1037	65	b1	1393.1	886.0
289	bio	9	0	0	0	1	0	1	124	111	32	65	1047	65	b1	1540.2	890.3
290	bio	9	0	0	0	1	0	1	118	36	111	65	1055	65	b1	156.0	969.7
291	bio	9	0	0	0	1	0	1	224	38	36	65	1050	65	b1	82.0	991.3
292	bio	9	0	0	0	1	0	1	376	180	38	65	.	65	b1	233.7	1007.9
293	bio	9	0	0	0	1	0	1	125	23	180	65	2	65	b1	99.6	80.0
294	bio	9	0	0	0	1	0	1	135	28	23	65	2	65	b1	110.5	58.9
295	bio	9	0	0	0	1	0	1	202	37	28	65	8	65	b1	219.2	41.3
296	bio	9	0	0	0	1	0	1	229	49	37	65	17	65	b1	357.8	36.1
297	bio	9	0	0	0	1	0	1	274	43	49	65	30	65	b1	531.9	41.8
298	bio	9	0	0	0	1	0	1	141	142	43	65	43	65	b1	727.8	53.8
299	bio	9	0	0	0	1	0	1	146	23	142	65	53	65	b1	903.9	53.7
300	bio	9	0	0	0	1	0	1	134	47	23	65	57	65	b1	973.2	56.5
301	bio	9	0	0	0	1	0	1	165	33	47	65	38	65	b1	662.8	62.9
302	bio	9	0	0	0	1	0	1	219	23	33	65	27	65	b1	495.9	57.4
303	bio	9	0	0	0	1	0	1	263	30	23	65	31	65	b1	546.9	68.0
304	bio	9	0	0	0	1	0	1	221	13	30	65	41	65	b1	702.6	81.5
305	bio	9	0	0	0	1	0	1	232	57	13	65	40	65	b1	687.2	75.4
306	bio	9	0	0	0	1	0	1	181	54	57	65	57	65	b1	966.1	69.7
307	bio	9	0	0	0	1	0	1	182	30	54	65	72	65	b1	1225.6	55.5
308	bio	9	0	0	0	1	0	1	183	27	30	65	83	65	b1	1387.1	51.4
309	bio	9	0	0	0	1	0	1	137	133	27	65	89	65	b1	1488.3	56.3
310	bio	9	0	0	0	1	0	1	259	42	133	65	99	65	b1	125.8	147.2
311	bio	9	0	0	0	1	0	1	226	52	42	65	108	65	b1	270.4	152.8
312	bio	9	0	0	0	1	0	1	284	39	52	65	124	65	b1	515.8	156.9
313	bio	9	0	0	0	1	0	1	266	29	39	65	130	65	b1	609.8	164.0
314	bio	9	0	0	0	1	0	1	317	38	29	65	138	65	b1	729.5	151.8
315	bio	9	0	0	0	1	0	1	259	23	38	65	146	65	b1	875.5	149.6
316	bio	9	0	0	0	1	0	1	130	28	23	65	150	65	b1	931.1	152.1
317	bio	9	0	0	0	1	0	1	194	28	28	65	158	65	b1	1033.1	149.5
318	bio	9	0	0	0	1	0	1	157	29	28	65	162	65	b1	1098.0	143.0
319	bio	9	0	0	0	1	0	1	323	25	29	65	170	65	b1	1244.5	124.7
320	bio	9	0	0	0	1	0	1	205	28	25	65	167	65	b1	1185.4	133.0
321	bio	9	0	0	0	1	0	1	240	36	28	65	173	65	b1	1286.7	117.5
322	bio	9	0	0	0	1	0	1	209	28	36	65	181	65	b1	1421.3	132.0
323	bio	9	0	0	0	1	0	1	167	155	28	65	189	65	b1	1525.6	127.6
324	bio	9	0	0	0	1	0	1	129	103	155	65	193	65	b1	1592.0	142.4
325	bio	9	0	0	0	1	0	1	213	45	103	65	201	65	b1	165.5	198.7
326	bio	9	0	0	0	1	0	1	141	23	45	65	211	65	b1	338.8	224.7
327	bio	9	0	0	0	1	0	1	89	93	23	65	208	65	b1	290.6	223.7
328	bio	9	0	0	0	1	0	1	22	30	93	65	208	65	b1	298.6	231.2
329	bio	9	0	0	0	1	0	1	165	35	30	65	216	65	b1	417.7	245.5
330	bio	9	0	0	0	1	0	1	182	52	35	65	220	65	b1	491.9	243.6
331	bio	9	0	0	0	1	0	1	216	28	52	65	233	65	b1	712.9	254.0
332	bio	9	0	0	0	1	0	1	169	24	28	65	228	65	b1	612.2	248.1
333	bio	9	0	0	0	1	0	1	242	51	24	65	230	65	b1	670.2	256.2
334	bio	9	0	0	0	1	0	1	201	31	51	65	239	65	b1	812.7	257.3
335	bio	9	0	0	0	1	0	1	282	51	31	65	246	65	b1	932.0	259.6
336	bio	9	0	0	0	1	0	1	159	23	51	65	258	65	b1	1109.1	253.4
337	bio	9	0	0	0	1	0	1	200	30	23	65	260	65	b1	1155.4	235.0
338	bio	9	0	0	0	1	0	1	111	173	30	65	270	65	b1	1302.6	243.0
339	bio	9	0	0	0	1	0	1	189	25	173	65	275	65	b1	1381.3	246.9
340	bio	9	0	0	0	1	0	1	209	23	25	65	281	65	b1	1479.9	254.5
341	bio	9	0	0	0	1	0	1	456	74	23	65	287	65	b1	1569.2	247.8
342	bio	9	0	0	0	1	0	1	179	65	74	65	247	65	b1	939.0	230.4
343	bio	9	0	0	0	1	0	1	48	58	65	65	222	65	b1	521.0	222.8
344	bio	9	0	0	0	1	0	1	76	50	58	65	207	65	b1	275.3	208.2
345	bio	9	0	0	0	1	0	1	203	46	50	65	198	65	b1	130.9	232.3
346	bio	9	0	0	0	1	0	1	117	90	46	65	207	65	b1	285.0	236.8
347	bio	9	0	0	0	1	0	1	165	25	90	65	180	65	b1	1390.7	177.8
348	bio	9	0	0	0	1	0	1	160	25	25	65	182	65	b1	1435.2	168.8
349	bio	9	0	0	0	1	0	1	132	28	25	65	188	65	b1	1507.5	168.0
350	bio	9	0	0	0	1	0	1	157	126	28	65	194	65	b1	1612.1	164.9
351	bio	9	0	0	0	1	0	1	196	30	126	65	199	65	b1	135.5	223.4
352	bio	9	0	0	0	1	0	1	246	34	30	65	208	65	b1	290.8	233.1
353	bio	9	0	0	0	1	0	1	247	31	34	65	222	65	b1	517.7	246.8
354	bio	9	0	0	0	1	0	1	146	162	31	65	231	65	b1	689.2	253.2
355	bio	9	0	0	0	1	0	1	159	27	162	65	236	65	b1	757.9	224.3
356	bio	9	0	0	0	1	0	1	151	55	27	65	230	65	b1	659.9	228.5
357	bio	9	0	0	0	1	0	1	235	48	55	65	247	65	b1	933.1	246.3
358	bio	9	0	0	0	1	0	1	184	23	48	65	264	65	b1	1205.4	238.1
359	bio	9	0	0	0	1	0	1	160	54	23	65	260	65	b1	1153.7	237.0
360	bio	9	0	0	0	1	0	1	191	33	54	65	274	65	b1	1372.3	215.1
361	bio	9	0	0	0	1	0	1	159	123	33	65	286	65	b1	1543.6	206.5
362	bio	9	0	0	0	1	0	1	114	23	123	65	297	65	b1	188.6	279.7
363	bio	9	0	0	0	1	0	1	210	49	23	65	292	65	b1	121.7	297.8
364	bio	9	0	0	0	1	0	1	156	125	49	65	307	65	b1	343.8	299.1
365	bio	9	0	0	0	1	0	1	74	136	125	65	309	65	b1	379.6	299.0
366	bio	9	0	0	0	1	0	1	137	51	136	65	304	65	b1	286.0	282.7
367	bio	9	0	0	0	1	0	1	154	67	51	65	318	65	b1	536.2	282.4
368	bio	9	0	0	0	1	0	1	170	25	67	65	352	65	b1	1085.5	311.3
369	bio	9	0	0	0	1	0	1	53	53	25	65	359	65	b1	1199.0	310.0
370	bio	9	0	0	0	1	0	1	218	52	53	65	341	65	b1	928.7	315.4
371	bio	9	0	0	0	1	0	1	205	52	52	65	360	65	b1	1202.3	311.3
372	bio	9	0	0	0	1	0	1	203	24	52	65	332	65	b1	765.7	295.1
373	bio	9	0	0	0	1	0	1	92	29	24	65	327	65	b1	692.7	291.0
374	bio	9	0	0	0	1	0	1	141	54	29	65	335	65	b1	832.6	287.3
375	bio	9	0	0	0	1	0	1	78	58	54	65	349	65	b1	1040.4	308.7
376	bio	9	0	0	0	1	0	1	176	20	58	65	376	65	b1	1458.9	314.5
377	bio	9	0	0	0	1	0	1	72	30	20	65	377	65	b1	1493.0	316.1
378	bio	9	0	0	0	1	0	1	316	34	30	65	369	65	b1	1343.0	321.3
379	bio	9	0	0	0	1	0	1	187	113	34	65	379	65	b1	1510.9	310.2
380	bio	9	0	0	0	1	0	1	61	59	113	65	395	65	b1	207.2	367.7
381	bio	9	0	0	0	1	0	1	151	54	59	65	388	65	b1	83.1	370.1
382	bio	9	0	0	0	1	0	1	81	9	54	65	392	65	b1	166.0	382.1
383	bio	9	0	0	0	1	0	1	97	49	9	65	392	65	b1	167.6	382.2
384	bio	9	0	0	0	1	0	1	227	31	49	65	409	65	b1	409.3	370.3
385	bio	9	0	0	0	1	0	1	190	23	31	65	418	65	b1	552.4	374.1
386	bio	9	0	0	0	1	0	1	43	44	23	65	417	65	b1	530.4	383.4
387	bio	9	0	0	0	1	0	1	185	50	44	65	424	65	b1	658.0	381.4
388	bio	9	0	0	0	1	0	1	250	27	50	65	435	65	b1	836.5	394.8
389	bio	9	0	0	0	1	0	1	131	177	27	65	441	65	b1	925.6	402.2
390	bio	9	0	0	0	1	0	1	119	30	177	65	443	65	b1	956.6	397.0
391	bio	9	0	0	0	1	0	1	465	36	30	65	452	65	b1	1108.7	389.9
392	bio	9	0	0	0	1	0	1	227	24	36	65	463	65	b1	1285.9	410.6
393	bio	9	0	0	0	1	0	1	184	24	24	65	467	65	b1	1347.5	405.0
394	bio	9	0	0	0	1	0	1	276	20	24	65	472	65	b1	1413.0	401.8
395	bio	9	0	0	0	1	0	1	325	38	20	65	467	65	b1	1345.3	405.5
396	bio	9	0	0	0	1	0	1	663	20	38	65	481	65	b1	1562.3	402.4
397	bio	9	0	0	0	1	0	1	216	196	20	65	483	65	b1	1595.8	400.6
398	bio	9	0	0	0	1	0	1	116	33	196	65	492	65	b1	165.0	465.5
399	bio	9	0	0	0	1	0	1	204	43	33	65	489	65	b1	122.6	460.4
400	bio	9	0	0	0	1	0	1	267	41	43	65	495	65	b1	233.1	491.5
401	bio	9	0	0	0	1	0	1	202	24	41	65	504	65	b1	361.6	485.0
402	bio	9	0	0	0	1	0	1	161	26	24	65	507	65	b1	418.6	480.1
403	bio	9	0	0	0	1	0	1	417	278	26	65	503	65	b1	346.3	486.2
404	bio	9	0	0	0	1	0	1	155	18	278	65	470	65	b1	1385.4	411.1
405	bio	9	0	0	0	1	0	1	100	28	18	65	472	65	b1	1409.2	406.4
406	bio	9	0	0	0	1	0	1	397	46	28	65	463	65	b1	1291.5	389.5
407	bio	9	0	0	0	1	0	1	238	114	46	65	481	65	b1	1559.9	372.7
408	bio	9	0	0	0	1	0	1	319	25	114	65	504	65	b1	368.2	455.5
409	bio	9	0	0	0	1	0	1	229	23	25	65	508	65	b1	440.0	467.6
410	bio	9	0	0	0	1	0	1	146	22	23	65	506	65	b1	390.8	475.2
411	bio	9	0	0	0	1	0	1	196	43	22	65	503	65	b1	347.6	483.4
412	bio	9	0	0	0	1	0	1	152	27	43	65	515	65	b1	531.9	485.5
413	bio	9	0	0	0	1	0	1	121	177	27	65	518	65	b1	589.2	481.0
414	bio	9	0	0	0	1	0	1	222	28	177	65	524	65	b1	684.2	458.7
415	bio	9	0	0	0	1	0	1	331	11	28	65	530	65	b1	793.5	466.0
416	bio	9	0	0	0	1	0	1	111	27	11	65	528	65	b1	764.8	472.1
417	bio	9	0	0	0	1	0	1	184	20	27	65	534	65	b1	854.0	474.0
418	bio	9	0	0	0	1	0	1	146	29	20	65	531	65	b1	813.6	471.9
419	bio	9	0	0	0	1	0	1	184	16	29	65	539	65	b1	935.3	474.2
420	bio	9	0	0	0	1	0	1	127	31	16	65	537	65	b1	905.0	473.0
421	bio	9	0	0	0	1	0	1	165	28	31	65	544	65	b1	1024.2	471.1
422	bio	9	0	0	0	1	0	1	207	30	28	65	550	65	b1	1127.4	470.2
423	bio	9	0	0	0	1	0	1	379	30	30	65	557	65	b1	1235.6	460.5
424	bio	9	0	0	0	1	0	1	233	28	30	65	565	65	b1	1376.8	461.3
425	bio	9	0	0	0	1	0	1	224	6	28	65	573	65	b1	1505.5	462.6
426	bio	9	0	0	0	1	0	1	155	113	6	65	574	65	b1	1518.0	462.2
427	bio	9	0	0	0	1	0	1	131	28	113	65	586	65	b1	209.1	538.5
428	bio	9	0	0	0	1	0	1	218	30	28	65	580	65	b1	125.1	539.3
429	bio	9	0	0	0	1	0	1	188	165	30	65	587	65	b1	239.6	562.1
430	bio	9	0	0	0	1	0	1	215	33	165	65	594	65	b1	358.3	568.1
431	bio	9	0	0	0	1	0	1	202	23	33	65	604	65	b1	510.7	564.3
432	bio	9	0	0	0	1	0	1	273	29	23	65	601	65	b1	459.3	563.1
433	bio	9	0	0	0	1	0	1	237	34	29	65	606	65	b1	547.5	564.8
434	bio	9	0	0	0	1	0	1	254	53	34	65	615	65	b1	690.5	554.3
435	bio	9	0	0	0	1	0	1	491	31	53	65	630	65	b1	935.4	548.8
436	bio	9	0	0	0	1	0	1	229	26	31	65	641	65	b1	1109.5	552.5
437	bio	9	0	0	0	1	0	1	259	29	26	65	648	65	b1	1219.4	550.3
438	bio	9	0	0	0	1	0	1	220	23	29	65	654	65	b1	1316.7	555.3
439	bio	9	0	0	0	1	0	1	167	29	23	65	659	65	b1	1397.6	557.8
440	bio	9	0	0	0	1	0	1	180	11	29	65	664	65	b1	1496.7	553.7
441	bio	9	0	0	0	1	0	1	189	24	11	65	663	65	b1	1467.0	556.6
442	bio	9	0	0	0	1	0	1	226	183	24	65	666	65	b1	1523.3	555.3
443	bio	9	0	0	0	1	0	1	150	34	183	65	677	65	b1	185.7	644.9
444	bio	9	0	0	0	1	0	1	222	71	34	65	674	65	b1	133.8	643.4
445	bio	9	0	0	0	1	0	1	121	82	71	65	608	65	b1	577.2	540.5
446	bio	9	0	0	0	1	0	1	131	25	82	65	567	65	b1	1394.4	493.8
447	bio	9	0	0	0	1	0	1	132	34	25	65	571	65	b1	1468.2	489.0
448	bio	9	0	0	0	1	0	1	262	121	34	65	574	65	b1	1530.2	483.0
449	bio	9	0	0	0	1	0	1	53	39	121	65	588	65	b1	247.3	558.4
450	bio	9	0	0	0	1	0	1	181	31	39	65	582	65	b1	158.6	547.1
451	bio	9	0	0	0	1	0	1	470	35	31	65	594	65	b1	355.3	558.4
452	bio	9	0	0	0	1	0	1	197	25	35	65	604	65	b1	507.6	563.0
453	bio	9	0	0	0	1	0	1	214	50	25	65	602	65	b1	477.4	568.9
454	bio	9	0	0	0	1	0	1	73	180	50	65	614	65	b1	669.6	570.0
455	bio	9	0	0	0	1	0	1	54	181	180	65	618	65	b1	742.3	564.5
456	bio	9	0	0	0	1	0	1	214	23	181	65	627	65	b1	895.0	557.7
457	bio	9	0	0	0	1	0	1	164	22	23	65	623	65	b1	830.3	563.5
458	bio	9	0	0	0	1	0	1	211	26	22	65	626	65	b1	890.9	565.8
459	bio	9	0	0	0	1	0	1	232	29	26	65	634	65	b1	992.5	562.6
460	bio	9	0	0	0	1	0	1	232	27	29	65	642	65	b1	1129.7	565.4
461	bio	9	0	0	0	1	0	1	236	27	27	65	648	65	b1	1220.2	563.3
462	bio	9	0	0	0	1	0	1	241	24	27	65	656	65	b1	1351.4	563.2
463	bio	9	0	0	0	1	0	1	122	23	24	65	661	65	b1	1432.4	565.6
464	bio	9	0	0	0	1	0	1	108	124	23	65	665	65	b1	1514.1	559.6
465	bio	9	0	0	0	1	0	1	155	13	124	65	679	65	b1	208.5	669.8
466	bio	9	0	0	0	1	0	1	149	46	13	65	676	65	b1	172.0	664.3
467	bio	9	0	0	0	1	0	1	357	45	46	65	691	65	b1	408.3	655.4
468	bio	9	0	0	0	1	0	1	102	238	45	65	706	65	b1	627.7	649.8
469	bio	9	0	0	0	1	0	1	142	31	238	65	707	65	b1	647.4	638.3
470	bio	9	0	0	0	1	0	1	155	29	31	65	710	65	b1	708.0	648.0
471	bio	9	0	0	0	1	0	1	197	27	29	65	705	65	b1	619.7	651.9
472	bio	9	0	0	0	1	0	1	394	48	27	65	709	65	b1	691.5	648.3
473	bio	9	0	0	0	1	0	1	258	27	48	65	718	65	b1	833.3	649.7
474	bio	9	0	0	0	1	0	1	333	52	27	65	724	65	b1	921.0	647.4
475	bio	9	0	0	0	1	0	1	170	28	52	65	736	65	b1	1138.5	643.2
476	bio	9	0	0	0	1	0	1	163	27	28	65	741	65	b1	1215.0	638.3
477	bio	9	0	0	0	1	0	1	207	26	27	65	749	65	b1	1365.5	632.1
478	bio	9	0	0	0	1	0	1	286	113	26	65	756	65	b1	1471.7	636.3
479	bio	9	0	0	0	1	0	1	120	44	113	65	773	65	b1	259.5	684.5
480	bio	9	0	0	0	1	0	1	773	99	44	65	764	65	b1	115.7	730.8
481	bio	9	0	0	0	1	0	1	140	35	99	65	750	65	b1	1370.8	637.1
482	bio	9	0	0	0	1	0	1	268	108	35	65	754	65	b1	1446.2	662.9
483	bio	9	0	0	0	1	0	1	133	25	108	65	870	65	b1	195.8	757.2
484	bio	9	0	0	0	1	0	1	240	47	25	65	863	65	b1	99.7	772.3
485	bio	9	0	0	0	1	0	1	77	200	47	65	873	65	b1	247.9	773.9
486	bio	9	0	0	0	1	0	1	133	26	200	65	876	65	b1	299.7	767.9
487	bio	9	0	0	0	1	0	1	243	35	26	65	881	65	b1	400.4	757.9
488	bio	9	0	0	0	1	0	1	214	33	35	65	789	65	b1	492.6	753.4
489	bio	9	0	0	0	1	0	1	458	65	33	65	802	65	b1	698.4	747.4
490	bio	9	0	0	0	1	0	1	199	34	65	65	783	65	b1	408.0	745.3
491	bio	9	0	0	0	1	0	1	55	50	34	65	796	65	b1	588.5	745.5
492	bio	9	0	0	0	1	0	1	360	49	50	65	817	65	b1	923.1	733.4
493	bio	9	0	0	0	1	0	1	61	208	49	65	827	65	b1	1090.5	732.5
494	bio	9	0	0	0	1	0	1	44	10	208	65	827	65	b1	1097.8	690.0
495	bio	9	0	0	0	1	0	1	48	31	10	65	827	65	b1	1094.7	707.7
496	bio	9	0	0	0	1	0	1	402	17	31	65	834	65	b1	1209.9	719.4
497	bio	9	0	0	0	1	0	1	184	29	17	65	832	65	b1	1173.3	727.1
498	bio	9	0	0	0	1	0	1	190	36	29	65	841	65	b1	1300.9	715.3
499	bio	9	0	0	0	1	0	1	244	16	36	65	847	65	b1	1403.3	693.2
500	bio	9	0	0	0	1	0	1	689	26	16	65	845	65	b1	1369.7	698.3
501	bio	9	0	0	0	1	0	1	190	27	26	65	850	65	b1	1458.8	705.5
502	bio	9	0	0	0	1	0	1	151	220	27	65	854	65	b1	1525.5	706.7
503	bio	9	0	0	0	1	0	1	189	54	220	65	864	65	b1	116.6	822.5
504	bio	9	0	0	0	1	0	1	179	6	54	65	880	65	b1	372.2	815.4
505	bio	9	0	0	0	1	0	1	207	25	6	65	879	65	b1	355.2	819.7
506	bio	9	0	0	0	1	0	1	139	86	25	65	882	65	b1	409.6	811.5
507	bio	9	0	0	0	1	0	1	128	23	86	65	944	65	b1	1397.6	819.4
508	bio	9	0	0	0	1	0	1	149	26	23	65	947	65	b1	1448.6	784.0
509	bio	9	0	0	0	1	0	1	140	96	26	65	953	65	b1	1537.6	784.2
510	bio	9	0	0	0	1	0	1	214	52	96	65	968	65	b1	225.0	904.6
511	bio	9	0	0	0	1	0	1	168	32	52	65	986	65	b1	531.6	904.6
512	bio	9	0	0	0	1	0	1	172	35	32	65	994	65	b1	672.1	899.1
513	bio	9	0	0	0	1	0	1	158	28	35	65	998	65	b1	724.3	906.1
514	bio	9	0	0	0	1	0	1	107	248	28	65	1004	65	b1	840.3	901.0
515	bio	9	0	0	0	1	0	1	29	27	248	65	1009	65	b1	910.9	886.7
516	bio	9	0	0	0	1	0	1	196	65	27	65	1016	65	b1	1022.9	883.4
517	bio	9	0	0	0	1	0	1	193	104	65	65	.	65	b1	1548.0	927.3
518	bio	9	0	0	0	1	0	1	210	40	104	65	1060	65	b1	243.7	983.1
519	bio	9	0	0	0	1	0	1	1075	368	40	65	1051	65	b1	105.8	989.3
520	bio	9	0	0	0	1	0	1	48	21	368	65	.	65	b1	1607.2	1018.2
521	bio	9	0	0	0	1	0	1	399	.	21	65	.	65	b1	1566.4	988.3
